3 5 2 5 2 5 
0 0 3 5 2 5 
3 5 3 4 2 5 
2 6 0 0 2 5 
0 0 3 4 3 5 
4 5 2 5 3 4 
2 8 2 6 2 7 
2 5 2 5 2 6 
3 8 2 8 3 8 
2 6 2 5 3 6 
4 7 3 8 3 7 
6 7 5 7 5 7 
4 7 4 8 3 8 
3 9 2 9 2 8 
4 8 4 9 3 8 
3 9 2 8 3 8 
2 8 2 7 3 8 
2 7 3 7 3 8 
2 11 2 9 2 10 
2 9 3 9 4 9 
3 13 3 14 2 13 
2 9 2 9 2 10 
3 12 3 13 2 12 
2 10 2 9 3 10 
3 12 2 11 3 11 
4 9 3 9 3 8 
3 12 2 12 3 12 
3 10 2 10 2 10 
3 12 2 12 2 11 
4 10 4 11 3 10 
7 20 6 20 7 19 
4 11 3 11 3 11 
3 14 3 14 2 14 
3 13 2 13 3 13 
6 19 6 20 5 19 
3 13 3 12 4 12 
2 11 2 12 2 9 
3 15 3 15 2 15 
5 22 6 22 5 23 
3 14 3 13 4 14 
2 11 2 10 2 10 
2 14 3 14 3 15 
3 17 2 17 3 17 
4 15 3 15 3 14 
4 16 3 16 3 15 
3 15 3 15 4 15 
4 16 4 17 3 16 
2 16 3 16 3 17 
3 16 4 17 3 17 
2 17 2 16 3 17 
2 16 3 15 3 16 
2 17 2 16 2 17 
2 15 2 14 3 15 
2 17 3 17 2 17 
3 19 3 19 2 19 
2 17 3 17 3 18 
4 21 2 21 3 21 
4 18 3 17 4 17 
3 20 2 20 3 19 
4 18 3 18 3 17 
4 21 3 22 4 21 
3 19 3 19 4 18 
3 22 2 23 2 21 
4 19 3 19 4 18 
4 22 3 22 4 21 
4 19 3 19 3 19 
2 23 3 23 4 24 
4 20 3 20 4 19 
3 22 3 23 2 23 
4 20 3 20 3 20 
4 22 3 22 4 22 
4 21 3 21 4 20 
5 21 4 22 4 21 
5 20 5 21 4 20 
5 22 4 22 4 22 
2 21 3 20 3 21 
3 20 3 20 2 20 
4 23 4 24 4 23 
5 24 4 24 5 23 
4 23 4 22 5 22 
4 25 3 24 4 24 
3 19 2 20 2 19 
2 21 2 23 2 24 
2 19 3 18 3 19 
5 24 5 23 5 23 
4 23 4 23 5 23 
4 24 4 23 5 23 
4 24 4 24 4 23 
5 24 5 23 5 23 
5 23 4 23 5 22 
6 23 6 24 5 23 
5 23 5 23 5 22 
6 23 6 23 6 24 
5 22 4 22 5 21 
6 23 5 23 5 23 
5 23 5 23 5 22 
6 23 7 24 6 24 
5 23 5 23 5 22 
6 23 6 24 6 23 
6 23 5 23 6 22 
7 23 7 24 6 23 
6 23 6 23 6 22 
7 23 6 23 6 23 
6 23 6 23 6 23 
7 23 6 23 6 23 
6 23 6 23 6 23 
8 14 7 14 8 13 
6 23 6 23 6 23 
5 20 5 19 6 20 
6 23 6 23 6 22 
6 17 5 17 5 17 
7 17 6 17 7 16 
5 21 5 20 6 20 
7 19 6 18 7 17 
5 20 4 19 5 19 
5 17 6 18 5 18 
6 20 5 20 6 20 
5 19 5 18 6 18 
4 13 3 13 4 12 
4 18 3 19 3 18 
4 19 4 18 5 18 
4 17 3 17 3 17 
3 13 4 13 4 14 
5 18 5 19 4 19 
6 17 7 17 6 18 
6 18 5 18 5 18 
5 18 4 18 5 18 
4 12 3 12 4 11 
6 17 6 16 7 16 
5 18 5 18 6 18 
7 16 6 16 6 15 
5 17 5 17 4 17 
6 16 6 16 7 16 
5 17 5 17 4 16 
5 19 6 18 6 19 
5 16 4 16 5 15 
7 15 6 14 7 14 
6 16 5 16 5 15 
7 14 6 14 7 13 
5 15 4 16 4 15 
6 15 7 15 6 15 
6 15 6 16 5 15 
7 20 6 20 6 20 
4 14 3 14 3 14 
5 17 6 17 6 18 
4 13 3 13 3 13 
6 12 6 11 7 11 
6 13 6 14 5 14 
8 12 8 13 7 12 
7 13 6 14 6 13 
6 11 7 10 7 11 
5 13 6 13 5 14 
6 11 6 12 6 11 
7 12 7 13 6 13 
5 12 5 11 6 11 
4 12 3 12 3 12 
6 10 6 9 7 10 
6 11 7 11 6 11 
5 5 4 5 5 4 
6 11 6 11 6 11 
5 7 6 7 5 8 
5 12 6 11 6 12 
4 10 3 10 4 9 
4 9 3 10 2 9 
5 11 6 11 6 11 
3 6 2 5 4 5 
5 8 6 8 5 8 
5 9 6 10 5 10 
5 6 6 6 6 7 
4 7 5 6 5 7 
5 6 6 7 5 7 
4 8 3 8 3 8 
4 5 4 5 5 5 
5 8 4 8 5 7 
5 6 5 5 6 6 
5 7 4 8 4 7 
3 6 4 7 3 7 
5 7 5 7 4 8 
5 8 6 7 6 8 
5 5 5 4 6 4 
6 10 6 9 6 10 
4 5 2 5 4 5 
5 4 4 5 4 5 
4 5 4 5 4 5 
5 4 4 5 4 4 
4 5 4 5 4 5 
6 4 5 4 4 4 
4 5 3 4 4 4 
6 4 4 4 0 0 
4 4 3 4 4 4 
4 4 3 4 0 0 
2 9 2 8 2 9 
2 6 3 7 2 7 
2 12 2 8 2 9 
0 0 2 6 2 8 
2 13 2 12 3 13 
0 0 2 8 2 12 
3 11 2 11 2 10 
3 11 3 11 2 11 
2 14 2 13 3 14 
0 0 2 12 2 13 
2 18 2 16 2 17 
0 0 2 13 2 14 
2 16 2 15 3 15 
0 0 2 14 2 15 
2 20 2 16 2 18 
0 0 2 15 2 16 
3 18 2 18 2 17 
2 19 2 20 2 18 
0 0 2 20 2 21 
0 0 2 16 2 20 
3 18 2 19 2 18 
3 19 3 19 2 19 
0 0 2 21 2 24 
2 20 3 20 2 21 
4 23 3 23 4 22 
4 23 4 24 3 23 
0 0 2 24 2 25 
2 23 4 24 3 24 
3 24 4 24 4 24 
4 6 3 6 4 5 
3 7 2 6 3 6 
6 10 6 10 5 10 
3 11 2 10 3 10 
3 14 4 14 4 15 
5 16 5 17 4 16 
5 17 4 17 4 16 
5 17 5 18 4 18 
5 17 4 18 4 17 
5 18 5 18 4 18 
5 19 4 19 5 19 
3 20 3 19 4 19 
5 20 4 20 4 19 
3 21 3 20 4 20 
4 21 3 22 2 21 
4 22 3 23 3 22 
2 25 2 24 3 25 
2 24 3 24 3 25 
2 24 2 23 3 24 
4 7 4 6 4 5 
4 7 3 6 4 6 
5 8 4 8 5 8 
5 8 5 9 4 8 
5 9 4 9 4 8 
5 9 5 9 4 9 
3 11 3 10 4 11 
4 9 5 9 5 10 
3 11 4 11 3 12 
5 11 6 10 6 11 
5 11 4 12 4 11 
6 13 7 13 7 13 
5 11 5 12 4 12 
6 14 6 15 5 14 
5 13 5 14 4 13 
6 15 6 15 5 15 
5 14 4 14 4 13 
5 14 5 15 4 14 
6 15 5 15 5 14 
6 16 6 16 5 15 
5 15 4 15 4 14 
4 16 3 15 4 15 
6 22 5 21 6 20 
5 21 4 21 4 20 
5 22 5 21 6 22 
4 21 4 21 5 21 
3 25 3 24 4 25 
6 10 7 10 6 11 
4 4 5 4 4 4 
6 4 6 5 5 5 
5 8 6 8 5 9 
6 4 7 9 6 5 
6 6 5 5 6 5 
4 5 4 5 5 5 
6 8 5 9 5 9 
6 5 7 9 6 6 
4 5 5 6 4 7 
4 5 5 5 5 6 
7 9 6 9 6 8 
6 6 7 9 6 7 
6 9 5 9 6 8 
6 7 7 9 6 8 
4 10 5 10 4 11 
4 10 4 9 5 10 
5 10 5 11 4 11 
5 10 6 10 5 11 
7 12 6 13 6 12 
5 13 4 12 5 12 
4 12 5 13 4 13 
5 12 6 12 6 13 
6 19 6 18 7 19 
6 17 5 16 6 16 
6 22 5 22 6 22 
5 23 5 23 5 22 
4 25 4 24 5 24 
5 23 5 24 5 23 
5 25 4 25 5 24 
8 12 7 9 6 4 
6 12 7 11 7 12 
7 10 6 9 7 9 
6 10 5 9 6 9 
8 12 7 10 7 9 
7 11 8 12 7 12 
8 12 7 11 7 10 
7 12 8 13 7 13 
6 14 6 13 6 14 
5 13 5 12 6 13 
7 13 8 13 7 13 
7 21 6 21 7 20 
7 14 7 13 8 13 
6 21 6 20 7 20 
5 17 6 17 5 17 
5 17 5 16 6 17 
7 15 6 15 6 14 
6 22 7 21 7 22 
5 19 6 19 5 19 
7 19 6 20 6 19 
8 15 7 16 7 15 
6 22 7 22 6 22 
8 15 7 17 7 16 
7 22 6 23 6 22 
6 22 6 21 7 21 
6 22 6 20 6 21 
8 15 7 19 7 17 
7 23 6 23 7 22 
8 15 7 20 7 19 
7 24 6 23 6 23 
6 24 5 24 5 23 
5 25 6 24 7 24 
5 25 5 24 6 24 
7 21 7 20 8 15 
7 21 8 15 7 22 
8 15 7 23 7 22 
8 15 7 14 8 14 
6 14 6 14 7 14 
7 24 7 23 8 15 
8 15 7 15 7 14 
7 16 6 15 7 15 
