4 6 4 6 3 7 
4 6 4 6 4 6 
6 8 4 6 4 6 
4 5 5 4 5 5 
6 5 6 9 6 3 
7 9 8 10 6 9 
0 0 3 5 3 5 
6 6 5 4 6 3 
7 11 7 11 7 11 
5 7 4 6 6 9 
3 5 3 5 0 0 
4 5 3 5 5 4 
7 11 7 11 8 10 
7 11 7 12 6 9 
7 12 7 11 7 11 
7 12 7 11 7 11 
9 22 10 23 9 23 
6 6 6 3 6 9 
8 9 8 12 8 10 
7 11 7 11 7 11 
8 21 8 20 9 20 
8 20 9 23 8 19 
7 10 6 9 8 10 
7 10 7 11 6 9 
3 6 3 6 2 6 
8 19 8 19 8 19 
4 5 5 4 5 4 
5 4 6 3 5 4 
3 5 0 0 5 3 
5 4 6 3 5 4 
4 5 4 5 5 5 
3 13 2 12 3 12 
3 5 3 5 4 6 
3 5 5 3 5 4 
4 6 3 6 4 6 
2 5 3 5 3 6 
2 6 2 5 3 6 
3 5 3 5 3 5 
2 6 3 6 3 6 
3 5 4 6 3 6 
4 6 3 6 3 6 
2 7 3 7 4 7 
4 6 3 6 3 6 
3 8 4 7 4 8 
4 6 3 7 3 6 
3 9 4 8 4 10 
4 6 4 7 3 7 
4 9 5 9 5 10 
3 8 4 8 4 8 
4 7 4 6 5 7 
4 7 5 7 4 8 
6 17 6 17 5 18 
4 8 4 8 3 8 
4 8 5 7 5 8 
2 7 3 6 3 7 
3 10 2 9 3 9 
2 9 3 11 3 11 
6 10 5 10 6 9 
3 12 2 12 3 12 
5 11 4 11 5 10 
2 12 3 11 3 12 
4 11 3 11 4 10 
2 7 2 6 3 6 
7 11 7 14 7 12 
3 8 2 7 4 7 
3 12 3 12 4 12 
2 12 2 9 3 11 
3 13 3 12 4 13 
2 14 3 13 3 14 
3 13 3 13 4 13 
2 20 3 19 3 20 
5 15 4 15 5 15 
2 15 3 14 3 15 
3 14 3 13 4 13 
2 16 3 15 3 16 
5 16 5 17 4 16 
2 16 3 16 3 16 
3 15 3 14 4 14 
2 17 2 16 3 16 
3 16 3 15 4 15 
2 17 3 16 3 17 
3 16 3 16 4 15 
2 17 3 17 3 17 
3 16 3 16 4 15 
2 18 3 17 3 18 
3 17 3 16 4 17 
3 20 3 20 2 20 
6 19 5 19 5 18 
3 20 3 21 2 21 
3 18 3 17 4 18 
3 23 3 23 2 21 
3 19 3 18 4 18 
3 22 2 21 3 21 
3 20 3 19 4 20 
3 23 2 21 3 23 
5 20 5 21 4 20 
2 21 3 22 3 23 
8 23 7 23 8 23 
2 12 2 13 2 9 
5 23 5 24 4 23 
2 13 2 14 2 9 
5 24 7 23 7 24 
2 21 3 23 3 25 
3 23 3 23 3 23 
3 23 3 23 3 23 
3 23 3 22 4 23 
3 23 4 23 3 23 
8 23 8 23 8 23 
3 22 4 22 4 23 
3 22 3 21 4 21 
5 24 4 24 4 23 
4 23 4 23 4 23 
4 23 4 23 4 23 
6 22 5 22 6 21 
4 23 4 23 4 23 
3 21 3 20 4 21 
4 23 4 22 4 23 
6 20 7 20 6 21 
3 22 4 21 4 22 
3 20 3 20 4 20 
3 20 4 20 4 21 
3 19 4 18 4 20 
3 17 4 17 3 17 
5 17 5 18 4 18 
3 18 4 18 4 18 
6 17 5 17 6 16 
3 17 4 18 4 18 
5 15 4 15 4 15 
3 17 4 17 4 18 
3 14 3 14 4 14 
3 16 4 15 4 17 
3 13 3 13 4 13 
3 15 4 15 4 15 
6 13 6 14 5 14 
3 15 4 15 4 15 
4 11 3 11 3 11 
5 15 5 15 6 15 
4 15 4 15 5 15 
4 16 4 15 5 15 
5 16 4 16 5 15 
7 17 7 18 6 17 
5 15 4 15 5 14 
7 15 6 16 6 16 
5 17 6 17 5 18 
7 17 6 17 6 16 
4 18 4 17 5 17 
5 18 4 18 4 18 
6 17 6 18 5 18 
6 18 7 19 6 19 
6 17 6 17 7 17 
7 18 6 18 6 17 
6 17 6 17 7 17 
7 18 6 18 6 18 
6 19 7 19 6 20 
8 18 7 19 6 18 
5 19 4 18 5 18 
8 19 7 19 7 19 
6 19 5 18 6 18 
8 19 7 20 7 19 
7 21 7 20 8 21 
8 19 8 19 7 20 
7 22 7 21 8 21 
7 22 8 22 8 22 
4 20 5 21 4 21 
8 19 8 21 7 20 
8 19 7 20 7 20 
8 19 8 21 8 21 
5 22 4 23 4 22 
8 22 8 22 9 23 
4 21 5 22 4 22 
8 23 8 22 9 23 
5 23 4 23 5 22 
8 23 8 23 8 22 
4 23 4 23 5 23 
8 23 8 23 8 23 
4 24 5 24 4 25 
8 25 8 24 8 23 
3 24 3 23 4 23 
8 23 8 23 8 23 
8 24 7 23 8 23 
9 24 8 23 8 23 
8 23 8 23 8 23 
8 24 8 23 8 23 
8 24 8 23 8 23 
9 24 9 25 8 25 
8 23 8 23 8 23 
8 23 8 23 9 23 
8 23 8 22 8 23 
9 22 9 21 10 22 
8 20 8 21 8 20 
9 7 8 8 8 7 
9 23 9 23 9 22 
9 23 9 22 9 22 
8 17 8 16 9 16 
9 23 8 22 9 22 
9 23 8 20 8 22 
8 20 8 20 9 20 
9 21 8 22 8 21 
9 18 8 19 8 17 
8 21 8 22 8 21 
8 19 9 19 9 20 
8 21 8 22 8 20 
8 22 8 21 8 19 
8 19 7 20 7 20 
8 22 8 19 9 23 
8 19 7 19 8 19 
8 19 8 19 8 19 
9 13 9 14 8 13 
8 19 8 19 8 20 
8 16 7 14 8 14 
8 19 8 19 8 20 
8 19 8 19 8 19 
8 19 8 19 8 19 
8 19 8 19 8 19 
8 18 8 19 7 19 
8 19 8 19 7 19 
7 14 8 19 8 18 
8 19 8 19 8 19 
7 14 7 14 8 19 
8 13 7 11 8 12 
7 14 8 18 7 16 
8 19 8 19 8 18 
6 15 7 15 7 15 
8 18 6 18 7 18 
7 15 7 17 6 16 
8 18 7 18 7 17 
7 14 7 15 7 15 
7 16 7 17 7 15 
6 16 6 15 7 15 
4 11 4 12 3 11 
8 14 7 13 8 13 
8 12 7 11 8 12 
8 19 7 14 8 19 
7 11 7 13 7 14 
7 12 7 14 6 9 
7 12 7 14 7 14 
9 12 9 13 8 13 
7 13 7 11 8 13 
8 17 9 16 9 17 
9 12 8 12 9 11 
8 13 8 12 8 13 
7 11 8 10 8 12 
9 15 8 15 9 14 
8 13 8 12 8 12 
9 6 9 7 8 7 
8 12 7 11 8 12 
7 9 8 9 8 10 
9 4 9 5 8 5 
7 9 8 8 8 9 
8 6 9 6 8 7 
7 8 8 7 8 8 
8 4 8 3 9 3 
7 6 7 5 8 5 
8 5 7 5 8 4 
7 5 7 5 8 5 
8 7 8 7 7 8 
6 5 7 7 7 8 
7 8 6 9 6 5 
6 5 7 5 7 5 
8 4 7 4 7 4 
6 5 7 4 7 5 
8 4 7 4 7 3 
6 3 6 4 6 5 
7 5 7 4 8 4 
6 5 7 4 7 4 
6 4 7 3 7 4 
6 4 6 4 7 4 
6 4 7 3 6 4 
6 5 6 4 7 4 
7 3 8 3 8 4 
6 3 6 3 6 4 
6 3 8 3 7 3 
0 0 6 3 6 3 
0 0 8 3 6 3 
5 3 5 4 5 4 
4 5 3 5 4 5 
0 0 2 5 2 6 
4 6 3 5 4 5 
3 5 4 6 4 6 
4 6 4 6 4 6 
0 0 3 5 2 5 
3 13 2 13 3 13 
0 0 2 6 2 7 
3 9 2 8 3 8 
0 0 2 7 2 8 
3 13 2 13 3 13 
0 0 2 8 2 9 
3 14 2 14 3 14 
2 16 3 16 3 16 
3 13 2 13 2 12 
2 14 0 0 2 9 
3 13 2 14 2 13 
2 17 0 0 2 14 
3 14 2 15 2 14 
3 18 3 19 2 19 
2 15 2 17 2 14 
2 18 0 0 2 17 
2 15 2 16 2 17 
2 15 3 15 2 16 
3 17 2 18 2 17 
3 18 2 19 2 18 
0 0 2 19 2 20 
0 0 2 18 2 19 
0 0 2 20 2 21 
2 19 3 19 2 20 
2 20 3 20 2 21 
3 10 3 9 4 10 
2 9 2 8 3 9 
3 9 3 8 4 8 
2 8 2 7 3 8 
3 11 3 10 4 10 
3 11 2 9 3 10 
5 14 4 14 4 13 
4 14 3 14 4 13 
3 23 3 23 3 24 
4 23 4 23 4 24 
3 25 3 23 3 24 
4 8 4 9 4 10 
4 8 4 8 5 8 
3 12 3 11 4 12 
4 10 4 9 5 10 
5 12 4 12 4 11 
4 13 3 12 4 12 
5 13 6 13 5 14 
4 15 3 15 4 14 
6 16 5 17 5 16 
4 17 4 15 4 16 
4 18 5 18 4 18 
6 18 6 18 5 18 
7 20 6 20 7 19 
4 19 4 18 5 19 
5 20 4 19 5 19 
4 20 4 18 4 19 
7 20 6 20 7 20 
4 20 4 19 5 20 
4 21 5 21 5 22 
6 21 7 20 7 20 
6 21 5 22 5 21 
7 23 8 24 7 24 
4 23 5 23 4 23 
5 22 6 22 5 23 
3 24 4 24 4 25 
5 23 7 23 5 24 
3 25 3 24 4 25 
4 23 4 24 3 24 
4 23 4 23 4 24 
6 3 5 3 0 0 
6 3 5 4 5 3 
6 6 5 5 5 4 
4 6 4 5 5 5 
6 7 5 6 6 6 
4 6 5 5 5 6 
5 8 5 7 6 9 
4 8 4 8 5 7 
6 9 5 8 6 9 
4 9 4 8 5 8 
6 9 5 9 5 8 
4 9 5 8 5 9 
7 14 6 13 6 12 
4 11 4 10 5 10 
6 10 5 11 5 10 
5 12 4 11 5 11 
6 10 6 11 5 11 
5 13 4 12 5 12 
7 15 6 15 6 14 
5 14 4 13 5 13 
4 12 5 13 4 13 
5 12 6 12 5 13 
6 14 6 15 5 14 
4 15 4 14 5 14 
5 15 6 15 6 16 
5 15 5 14 6 15 
6 16 5 16 5 15 
6 16 6 16 5 16 
4 16 5 17 4 17 
6 17 6 17 5 17 
6 3 6 5 6 3 
7 5 7 7 6 5 
6 7 6 6 6 9 
5 6 5 5 6 6 
6 8 6 7 6 9 
4 6 5 6 6 7 
4 6 6 8 6 9 
4 6 6 7 6 8 
6 10 6 9 6 9 
5 10 5 9 6 9 
7 14 6 11 6 9 
6 11 5 12 5 11 
6 9 6 11 6 10 
6 12 5 12 6 11 
7 14 7 14 6 11 
6 13 5 13 6 12 
7 14 6 14 6 13 
7 14 7 15 6 14 
5 20 6 20 5 21 
5 20 5 19 6 20 
7 19 6 19 7 19 
6 20 5 19 6 19 
8 22 7 22 8 21 
5 21 6 20 6 21 
7 21 7 22 6 21 
7 22 8 22 7 23 
9 4 8 5 8 4 
8 7 9 7 8 7 
6 3 7 3 6 4 
6 3 6 3 7 3 
9 4 8 4 9 3 
7 6 8 6 7 7 
9 6 8 5 9 5 
8 6 8 7 7 7 
9 6 7 6 8 5 
7 7 7 5 7 6 
8 7 7 8 7 7 
8 7 8 7 7 8 
7 8 7 9 6 9 
7 8 8 8 7 9 
7 11 7 10 8 10 
7 11 7 11 7 10 
6 11 7 14 6 12 
7 14 6 14 7 14 
8 12 8 11 9 11 
9 8 8 9 8 8 
7 14 8 16 8 17 
8 11 8 12 8 9 
7 14 7 16 7 15 
8 18 7 17 7 16 
7 14 8 17 8 19 
8 13 9 13 8 13 
8 23 7 23 8 22 
6 22 6 21 7 22 
7 20 7 21 6 21 
8 21 8 21 7 21 
6 22 7 23 5 23 
6 22 7 22 7 23 
4 25 5 24 7 25 
7 25 5 24 7 24 
7 24 8 24 8 25 
0 0 9 3 8 3 
9 7 9 8 8 8 
9 8 9 9 8 9 
9 3 11 8 9 4 
9 9 9 10 8 9 
9 4 10 7 9 5 
8 12 8 12 9 12 
9 6 8 6 7 6 
8 7 8 7 8 6 
9 5 10 7 9 6 
8 12 9 12 8 13 
9 6 10 7 9 7 
8 14 8 13 9 14 
9 7 10 7 9 8 
8 14 9 14 8 15 
9 8 10 7 10 8 
8 15 9 15 8 16 
9 9 9 8 10 8 
9 15 9 16 8 16 
9 10 8 11 8 9 
9 10 9 11 8 11 
10 9 9 9 10 8 
8 17 9 17 9 18 
10 9 9 10 9 9 
8 19 9 18 9 19 
10 9 10 10 9 10 
8 19 9 19 8 19 
8 16 8 14 8 15 
7 14 7 13 8 14 
9 10 10 10 9 11 
8 19 9 20 8 20 
9 11 10 10 10 11 
9 20 9 21 8 21 
9 12 9 11 10 11 
9 21 8 21 8 21 
10 12 9 12 10 11 
9 22 8 22 9 21 
10 12 9 13 9 12 
10 22 9 21 10 21 
10 12 9 14 9 13 
9 21 10 20 10 21 
10 18 9 15 10 12 
9 20 10 19 10 20 
7 25 7 24 8 25 
10 12 9 15 9 14 
9 16 9 15 10 18 
9 4 11 8 10 7 
9 16 10 18 9 17 
10 7 11 8 10 8 
10 18 9 18 9 17 
10 8 11 8 10 9 
9 19 9 18 10 18 
10 9 11 8 10 10 
9 19 10 18 10 19 
10 10 11 8 10 11 
9 19 10 19 9 20 
10 11 11 8 10 12 
9 20 10 20 9 21 
10 12 11 8 10 18 
9 22 9 22 10 22 
10 18 11 8 10 19 
9 22 10 22 10 23 
10 19 11 8 10 20 
9 23 10 23 9 24 
10 20 11 8 10 21 
10 23 10 24 9 24 
10 21 11 8 10 22 
9 23 9 24 8 23 
11 8 10 24 10 23 
9 24 8 25 8 23 
9 23 9 24 9 23 
10 24 9 25 9 24 
10 22 11 8 10 23 
