2 6 3 5 3 6 
3 5 3 5 3 6 
3 8 3 8 2 8 
2 7 2 9 0 0 
0 0 3 5 2 7 
5 6 5 7 4 6 
2 6 2 7 3 5 
2 6 3 6 4 6 
2 6 3 7 2 7 
2 9 3 9 3 9 
3 7 3 8 2 7 
6 12 6 12 6 11 
3 7 4 7 3 8 
3 14 2 14 2 13 
3 8 3 9 2 8 
5 12 6 12 6 12 
3 8 4 8 4 9 
2 17 2 18 0 0 
2 10 3 9 3 10 
6 11 6 11 6 12 
2 10 3 10 3 10 
3 8 4 9 3 9 
2 8 3 9 2 9 
3 9 4 9 3 9 
3 10 3 9 4 10 
5 24 6 23 6 24 
2 11 3 11 2 12 
4 9 4 10 3 9 
3 12 3 11 3 13 
3 10 4 10 3 10 
3 14 2 13 3 13 
2 17 2 15 2 16 
5 19 4 19 5 18 
2 15 3 15 3 16 
2 18 2 20 2 21 
2 9 2 10 0 0 
2 17 2 18 2 17 
3 21 4 20 5 21 
3 21 4 21 2 21 
2 18 2 18 2 17 
2 18 2 17 3 17 
2 18 2 18 2 17 
2 22 3 23 3 24 
2 18 2 18 2 18 
2 18 2 18 2 18 
2 18 3 18 2 18 
5 21 5 21 4 21 
3 18 4 18 4 19 
7 16 6 16 6 15 
4 21 4 21 3 22 
5 21 5 21 5 21 
4 21 4 22 3 22 
5 21 6 21 5 21 
3 21 2 21 3 20 
3 21 3 20 4 20 
3 22 2 22 2 21 
4 21 3 21 5 21 
2 20 3 20 3 20 
4 21 4 21 5 21 
3 22 4 22 3 23 
4 22 4 21 5 21 
3 19 3 20 2 20 
4 24 5 25 3 24 
3 23 3 24 3 24 
4 23 4 22 5 23 
2 18 2 19 2 20 
3 24 5 25 3 24 
3 24 3 24 3 24 
3 24 3 23 4 23 
3 24 4 24 3 24 
3 24 4 23 4 24 
4 22 4 22 5 21 
4 23 5 23 5 24 
6 24 6 23 6 23 
5 23 5 22 6 22 
6 24 6 23 7 24 
5 24 5 23 6 23 
6 23 6 23 7 23 
6 23 5 23 6 23 
6 23 6 23 7 23 
6 23 6 23 6 23 
6 23 6 23 7 23 
6 23 6 23 6 23 
6 23 6 23 6 23 
5 17 4 17 4 16 
6 23 5 23 6 23 
4 20 3 20 4 19 
6 23 5 23 6 22 
5 20 5 21 5 21 
4 22 5 21 5 22 
3 18 4 19 3 20 
4 22 5 21 5 21 
4 16 3 17 3 16 
7 16 7 15 7 15 
6 20 6 21 5 21 
5 21 5 21 5 21 
3 20 2 19 3 18 
4 20 5 20 5 21 
5 16 6 17 5 17 
4 19 4 18 5 18 
4 19 5 19 4 19 
4 18 4 17 5 18 
4 20 3 20 3 20 
4 16 5 16 5 17 
4 19 3 20 4 19 
3 13 4 12 4 13 
3 18 3 17 4 18 
5 18 4 17 5 17 
3 10 4 11 3 11 
4 19 5 19 5 20 
3 17 2 17 3 16 
7 16 6 15 6 15 
7 12 7 13 7 13 
6 17 5 18 5 17 
5 16 4 16 5 15 
6 15 7 15 7 16 
5 15 4 16 4 15 
5 20 6 20 5 21 
4 13 4 14 3 13 
6 17 6 20 5 19 
5 15 6 16 6 16 
7 14 8 14 8 15 
4 11 4 12 3 11 
7 16 8 16 7 17 
7 15 6 15 6 14 
6 23 6 22 7 22 
6 14 6 15 6 15 
8 14 7 14 7 13 
6 14 7 15 7 15 
7 14 6 14 7 13 
5 8 5 8 5 7 
7 13 7 13 7 13 
7 13 7 13 7 13 
6 14 6 15 5 15 
7 13 6 12 7 12 
6 14 7 14 7 15 
3 8 4 8 3 8 
6 13 6 12 7 13 
6 11 6 11 6 11 
7 11 7 12 6 11 
5 9 5 9 4 9 
6 11 7 10 7 11 
6 12 5 12 5 11 
5 9 6 8 5 9 
6 11 5 11 6 11 
5 8 6 8 5 9 
5 10 4 9 6 9 
5 7 6 8 5 8 
4 9 5 9 6 9 
5 6 6 5 6 6 
5 8 5 8 4 9 
5 8 5 8 6 8 
4 9 5 8 5 9 
5 7 6 7 6 8 
5 8 5 8 4 9 
4 6 5 7 4 6 
4 8 5 8 4 9 
4 7 3 7 2 6 
2 6 4 6 4 7 
3 6 3 5 4 5 
5 6 6 6 6 7 
3 6 4 6 4 6 
4 5 5 5 5 6 
5 5 4 5 4 4 
5 8 4 8 5 7 
4 6 3 6 4 5 
4 6 4 5 4 5 
4 5 4 5 4 4 
3 5 4 5 4 5 
4 4 0 0 5 4 
3 5 4 5 4 5 
3 4 0 0 4 5 
3 5 3 5 0 0 
3 8 2 8 2 7 
3 9 3 9 2 9 
2 8 2 9 2 7 
3 10 3 11 2 11 
0 0 2 10 2 12 
2 9 3 9 2 10 
0 0 2 12 2 13 
2 11 3 11 3 11 
2 10 2 11 2 12 
2 10 3 10 2 11 
0 0 2 13 2 14 
2 12 3 13 2 13 
2 15 2 14 3 15 
2 17 0 0 2 14 
2 16 2 15 3 16 
2 17 2 14 2 15 
2 17 2 16 3 16 
2 17 2 17 2 16 
2 18 2 20 2 18 
2 18 2 21 2 22 
2 20 3 20 2 21 
2 18 2 22 0 0 
2 21 4 21 3 22 
3 5 3 4 4 5 
3 5 0 0 3 4 
2 12 3 12 3 13 
2 12 3 11 3 12 
3 15 3 14 3 13 
3 15 2 14 3 14 
3 15 4 15 3 16 
4 14 4 13 5 14 
4 17 3 17 4 16 
4 17 4 18 3 17 
2 18 3 18 2 19 
2 18 3 17 3 18 
2 19 3 19 2 20 
2 19 3 20 3 19 
4 22 3 22 4 22 
3 23 2 22 3 22 
7 9 5 9 6 8 
5 5 4 5 4 5 
5 5 4 4 5 4 
4 5 0 0 4 4 
4 8 4 7 4 6 
4 8 3 8 4 7 
6 10 5 10 6 9 
3 9 3 9 4 9 
5 11 4 11 5 10 
4 11 3 10 4 10 
3 11 4 11 3 11 
5 11 6 10 6 11 
3 11 4 12 3 13 
4 11 5 11 4 12 
5 11 5 12 4 12 
4 15 4 16 3 16 
5 13 5 14 4 13 
6 15 6 16 5 15 
5 15 4 15 5 14 
3 15 3 13 4 14 
6 14 5 15 5 14 
6 16 5 16 5 15 
4 14 4 15 3 15 
4 14 5 14 4 15 
6 16 6 17 5 16 
6 16 6 16 7 16 
5 20 5 19 6 20 
5 20 5 20 5 19 
5 20 4 20 4 19 
5 20 5 20 4 20 
4 24 4 23 5 24 
3 23 4 22 4 23 
8 13 7 13 7 12 
4 5 5 5 4 5 
5 4 6 5 5 5 
7 8 6 6 6 5 
7 9 6 8 7 8 
4 5 5 6 4 6 
5 5 6 5 5 6 
7 8 6 7 6 6 
6 9 5 9 7 9 
4 6 5 7 4 8 
5 6 6 7 5 7 
7 8 6 8 6 7 
6 9 7 9 6 10 
4 10 5 10 4 11 
4 10 4 9 5 10 
6 10 5 11 5 10 
6 11 6 12 5 11 
7 13 6 14 6 13 
5 13 4 12 5 12 
4 12 5 13 4 13 
5 12 6 12 6 13 
5 13 6 13 5 14 
7 13 7 13 6 14 
7 16 6 17 6 16 
5 19 5 18 6 17 
7 17 6 20 6 17 
6 21 5 22 5 21 
6 22 6 21 7 22 
6 22 5 22 6 21 
5 24 5 23 5 24 
4 22 5 22 5 23 
5 24 5 25 4 24 
5 24 5 24 6 24 
7 13 7 13 8 13 
6 10 7 9 7 10 
7 8 8 13 7 9 
6 10 7 10 6 11 
7 9 8 13 7 10 
6 11 7 11 6 11 
7 10 8 13 7 11 
6 11 7 12 6 12 
7 11 8 13 7 12 
5 14 6 13 6 14 
5 13 5 12 6 13 
7 13 8 13 8 14 
7 22 6 21 6 20 
6 23 7 22 7 23 
6 23 7 23 7 24 
7 14 8 15 7 15 
6 24 7 24 5 25 
7 15 8 15 7 16 
5 24 6 24 5 25 
6 23 6 23 6 24 
8 15 8 16 7 16 
7 13 7 13 8 13 
7 17 8 17 6 20 
8 13 7 8 9 16 
8 17 7 22 6 20 
8 14 8 13 9 16 
7 23 7 22 9 16 
8 15 8 14 9 16 
7 16 7 17 6 17 
8 16 9 16 8 17 
7 23 9 16 7 24 
8 16 8 15 9 16 
8 16 8 17 7 17 
9 16 7 22 8 17 
