1 6 2 6 2 6 
3 5 3 4 3 4 
1 11 2 12 2 12 
1 6 1 7 0 0 
1 6 2 4 2 4 
2 4 3 4 3 5 
1 7 1 6 2 6 
2 20 3 21 2 21 
1 6 2 5 2 6 
1 9 1 11 0 0 
1 6 1 7 1 7 
1 7 1 8 0 0 
1 6 1 7 1 7 
1 7 2 6 2 7 
1 7 2 7 1 7 
2 7 2 6 3 6 
1 7 1 7 1 7 
1 8 1 9 0 0 
1 7 1 8 1 7 
5 10 5 10 5 10 
3 5 2 6 2 5 
1 11 1 15 1 16 
2 11 1 10 2 10 
5 12 5 13 5 12 
1 9 1 10 1 11 
4 15 4 16 3 15 
1 11 1 11 1 11 
1 15 2 14 2 15 
1 11 1 10 1 11 
2 17 3 17 3 17 
2 11 2 12 1 11 
5 12 5 12 5 12 
1 13 1 12 2 12 
3 11 2 11 3 10 
1 12 2 12 2 12 
2 12 2 12 2 12 
1 11 1 12 1 11 
1 14 2 14 1 15 
1 12 1 13 1 11 
1 13 2 12 2 13 
1 13 2 13 1 13 
3 12 2 12 3 11 
5 13 4 13 5 12 
2 15 2 15 1 15 
2 14 2 13 2 14 
2 18 3 18 3 19 
3 14 2 13 3 13 
2 17 3 17 3 18 
3 14 2 15 2 14 
3 16 3 17 2 17 
3 15 2 15 2 15 
3 16 3 15 4 16 
4 24 4 24 4 25 
3 17 3 17 2 17 
4 20 3 20 4 19 
2 19 3 19 3 20 
3 24 4 24 3 25 
3 16 2 17 2 16 
3 24 3 24 3 25 
2 16 2 15 3 16 
4 18 3 18 3 17 
2 18 2 17 3 18 
4 16 4 17 3 17 
3 22 2 23 2 22 
5 22 4 22 4 21 
3 22 2 22 3 22 
4 18 3 17 4 17 
3 21 3 22 2 21 
4 19 5 20 5 20 
1 14 1 13 2 14 
3 23 3 24 2 24 
1 11 1 13 1 14 
3 23 3 23 2 24 
3 22 3 23 2 23 
3 22 3 22 4 22 
3 22 4 22 4 23 
5 23 5 23 5 23 
3 23 3 22 4 23 
4 21 3 21 4 21 
3 23 3 24 3 24 
3 17 3 17 4 16 
3 23 3 23 4 23 
4 23 4 22 5 23 
5 25 5 24 6 24 
4 24 4 23 4 24 
5 23 5 23 4 24 
6 19 5 19 5 19 
5 23 5 23 4 24 
4 20 3 21 3 20 
4 24 4 23 4 24 
3 22 3 21 4 21 
5 23 5 23 5 23 
5 23 4 24 4 23 
3 19 4 19 3 20 
5 23 5 23 4 23 
5 21 4 21 4 21 
4 22 3 22 4 21 
5 23 4 22 5 22 
4 16 3 16 3 16 
5 21 5 20 6 21 
4 21 3 21 4 20 
5 20 5 20 6 20 
7 18 6 19 6 18 
6 20 5 20 5 20 
5 20 5 20 4 20 
6 20 5 20 5 19 
5 20 5 20 4 20 
4 19 5 19 5 20 
7 17 7 18 6 18 
6 19 5 19 6 18 
5 19 4 19 4 18 
5 19 4 18 5 18 
7 16 6 17 6 16 
5 18 4 17 5 17 
6 21 5 20 6 20 
4 17 3 17 3 17 
5 18 4 18 4 17 
6 10 7 11 6 11 
7 17 6 17 7 16 
5 18 6 18 6 18 
6 17 5 17 5 16 
6 12 5 13 5 12 
5 13 6 13 6 14 
5 5 5 6 4 6 
6 13 7 14 6 14 
3 14 3 15 2 15 
5 14 4 15 4 14 
5 12 5 11 5 12 
4 14 4 15 3 14 
5 8 5 7 6 7 
4 11 3 11 3 10 
2 13 3 14 2 14 
5 12 4 13 4 12 
1 7 2 8 1 8 
5 12 5 12 5 12 
5 12 5 12 5 12 
6 11 5 12 5 12 
5 10 5 10 5 10 
5 7 4 7 5 6 
6 11 5 11 5 10 
6 11 5 12 5 11 
5 9 5 8 6 8 
2 7 2 8 1 7 
5 11 5 10 5 10 
5 11 5 12 4 11 
5 11 4 10 5 10 
2 7 2 6 2 6 
4 11 3 10 4 10 
2 8 2 9 1 8 
5 10 5 10 5 10 
5 10 4 10 3 9 
4 10 5 10 5 10 
4 10 5 10 5 10 
2 4 2 4 3 5 
5 10 5 10 4 9 
3 8 2 7 3 7 
5 6 6 7 5 7 
4 8 3 9 3 8 
4 8 4 9 3 9 
5 8 6 7 6 8 
4 4 4 4 4 3 
4 6 5 6 4 7 
4 7 4 8 3 8 
5 6 4 7 4 7 
3 7 2 7 3 6 
5 3 6 4 5 4 
3 6 2 6 3 5 
5 4 5 5 4 4 
4 5 3 5 4 4 
3 5 3 4 4 4 
4 3 3 3 5 3 
4 4 3 5 4 4 
3 4 3 3 4 3 
4 4 3 5 4 4 
3 3 0 0 5 3 
3 4 3 4 3 4 
2 3 0 0 3 4 
3 4 2 4 0 0 
2 4 1 6 0 0 
2 4 2 5 1 6 
2 9 1 10 1 9 
2 11 1 11 1 10 
1 13 1 12 1 13 
1 11 2 12 1 12 
1 13 2 13 2 14 
2 12 2 12 3 13 
1 11 1 15 1 11 
2 21 2 22 2 24 
2 14 1 14 2 14 
1 15 1 11 1 14 
1 11 1 16 0 0 
1 15 2 15 2 16 
3 4 2 3 3 4 
3 4 0 0 2 3 
2 4 3 5 2 5 
4 6 4 7 3 6 
3 8 2 8 2 7 
1 7 1 7 2 7 
3 9 2 9 2 8 
2 9 1 9 1 8 
3 8 3 9 2 8 
2 10 1 10 2 9 
3 9 3 10 2 9 
3 10 2 11 2 10 
2 12 3 13 2 13 
5 14 5 13 6 14 
4 13 3 14 3 13 
3 15 3 16 2 15 
4 13 4 14 3 14 
6 17 5 16 6 17 
2 16 2 17 1 16 
3 18 3 18 2 18 
1 15 2 16 1 16 
3 16 3 16 2 16 
3 21 2 20 3 20 
1 16 2 17 2 18 
2 18 2 19 1 16 
2 18 3 19 2 19 
2 19 2 20 1 16 
2 19 3 20 2 20 
2 20 2 21 1 16 
3 22 2 22 2 21 
2 23 3 23 2 24 
2 21 2 24 1 16 
2 22 2 23 2 24 
3 4 3 3 3 4 
3 4 0 0 3 3 
4 6 3 6 3 5 
4 7 4 7 3 7 
4 7 3 7 3 6 
4 7 4 7 3 7 
4 7 3 8 3 7 
4 8 4 8 3 8 
5 10 3 9 4 9 
4 10 3 10 3 9 
2 9 3 10 2 10 
4 11 5 12 4 12 
5 12 4 12 5 12 
2 12 2 11 3 11 
4 12 3 12 4 11 
3 13 2 12 3 12 
3 14 4 15 3 15 
5 15 6 16 5 16 
3 16 4 16 3 17 
4 15 5 15 5 16 
3 18 4 19 3 19 
3 18 3 18 4 18 
5 20 4 20 4 19 
5 20 4 21 4 20 
3 24 3 25 2 24 
4 24 4 24 5 24 
6 7 5 6 6 5 
5 4 4 4 5 3 
4 4 4 3 5 3 
4 4 3 4 4 3 
4 6 4 5 4 4 
4 6 3 5 4 5 
5 5 6 5 5 6 
5 7 5 8 4 8 
3 11 4 11 3 12 
4 10 5 11 4 11 
5 12 4 12 5 12 
3 13 3 12 4 12 
4 12 4 13 3 13 
5 13 5 13 4 14 
5 13 4 14 4 13 
5 15 6 15 6 16 
5 16 4 17 4 16 
5 18 6 18 5 19 
5 19 5 19 5 18 
4 19 3 18 4 18 
5 23 5 22 5 23 
5 20 5 20 6 20 
3 24 4 23 4 24 
3 24 3 23 4 23 
4 24 4 25 3 25 
5 23 6 23 6 24 
4 4 5 4 4 4 
6 4 6 5 5 4 
7 11 6 5 6 4 
4 8 5 8 4 9 
4 4 5 5 4 6 
5 4 6 5 5 5 
7 11 6 7 6 5 
5 9 6 9 5 10 
4 7 5 7 4 8 
4 7 4 7 5 7 
7 11 6 8 6 7 
6 9 6 10 5 10 
6 9 5 9 6 8 
4 8 4 8 5 8 
7 11 6 9 6 8 
6 10 5 10 5 10 
4 9 5 9 5 10 
4 9 5 8 5 9 
7 11 6 10 6 9 
6 12 6 13 5 13 
7 11 6 12 6 11 
6 13 5 13 5 13 
7 15 6 15 7 14 
7 14 6 15 6 14 
5 13 5 14 4 14 
6 14 6 15 5 15 
5 14 5 15 4 15 
5 14 6 14 5 15 
4 15 5 16 4 16 
6 16 6 17 5 16 
5 16 5 17 4 17 
6 17 6 18 5 17 
6 18 5 18 5 17 
6 18 6 18 5 18 
5 22 4 21 5 21 
7 15 6 16 6 15 
5 22 6 21 6 23 
7 15 7 16 6 16 
5 22 5 21 6 21 
4 21 5 20 5 21 
5 22 6 23 5 23 
6 17 6 17 7 17 
5 24 5 23 6 24 
6 18 6 17 7 17 
4 24 5 24 4 25 
4 25 5 24 5 25 
4 24 5 23 5 24 
6 13 7 11 7 14 
6 13 6 12 7 11 
6 10 6 11 5 10 
6 12 5 12 6 11 
6 18 6 18 7 18 
6 19 7 18 7 19 
5 19 6 19 6 20 
7 19 6 21 6 20 
6 23 6 21 7 19 
6 23 7 19 6 24 
6 18 6 19 6 18 
7 19 6 20 6 19 
