3 5 3 5 2 4 
3 4 3 4 4 3 
2 7 2 7 1 7 
2 5 3 5 2 6 
2 4 3 4 3 4 
3 4 4 3 3 4 
1 15 1 16 0 0 
1 9 2 9 2 10 
2 5 2 6 2 6 
2 9 2 9 1 9 
1 7 0 0 2 5 
2 7 2 7 1 7 
1 7 2 5 2 7 
2 6 2 6 2 7 
2 5 2 6 2 7 
2 7 2 6 3 7 
2 7 3 7 2 7 
2 12 2 14 2 14 
2 6 3 6 3 7 
2 12 1 9 2 11 
2 7 2 7 3 7 
1 13 2 14 1 14 
1 12 2 12 1 13 
7 14 7 14 8 14 
1 12 1 13 0 0 
2 10 2 11 1 9 
2 21 2 22 2 23 
2 10 2 10 2 11 
1 10 1 11 0 0 
1 10 2 12 1 11 
1 8 2 8 1 9 
2 17 3 17 2 18 
2 10 2 11 2 10 
1 14 2 14 2 14 
2 8 2 9 1 9 
2 5 0 0 2 4 
2 8 1 8 2 7 
2 12 2 11 2 12 
2 14 2 12 2 11 
2 12 2 12 2 12 
2 14 2 12 2 12 
6 16 7 17 6 17 
3 3 3 4 0 0 
3 16 2 17 2 16 
4 3 3 3 4 3 
2 16 3 15 3 16 
2 14 3 13 3 14 
1 15 2 14 2 15 
2 15 2 15 1 15 
3 14 2 14 2 14 
2 15 3 14 2 15 
3 23 3 23 2 23 
3 17 2 17 3 16 
3 15 2 15 4 15 
2 17 1 17 1 16 
3 16 3 15 4 16 
3 15 1 15 2 15 
3 16 3 16 4 16 
2 18 1 17 2 17 
3 17 3 16 4 16 
3 17 3 17 3 17 
4 24 3 24 3 23 
3 17 3 18 2 18 
2 14 2 14 1 14 
3 18 3 17 4 18 
2 21 2 20 3 21 
3 19 3 18 4 19 
3 22 2 22 3 22 
4 16 3 17 3 17 
3 20 3 21 3 21 
3 24 3 23 3 23 
3 23 2 22 3 22 
4 22 3 22 3 21 
2 22 3 21 3 22 
3 21 4 22 3 21 
2 18 2 19 2 21 
3 23 3 23 2 24 
3 23 3 23 3 23 
3 23 3 22 3 23 
3 23 3 23 3 23 
3 24 3 23 3 23 
3 23 3 23 3 23 
4 18 3 17 4 16 
3 23 3 23 3 23 
4 24 3 23 4 23 
3 23 3 23 3 23 
6 24 5 25 5 24 
4 23 4 23 3 23 
7 23 7 24 7 23 
4 23 4 23 4 23 
9 24 8 23 9 23 
5 23 4 23 4 23 
7 23 7 22 7 23 
3 22 4 22 3 23 
3 22 3 22 4 22 
4 23 4 23 5 23 
4 23 3 23 4 23 
4 21 3 21 4 20 
3 20 3 19 4 20 
6 21 7 20 7 21 
3 21 3 20 4 20 
5 19 4 20 4 19 
4 20 3 20 4 20 
5 18 4 17 5 17 
4 20 3 19 4 19 
5 18 5 17 6 18 
4 19 3 18 4 18 
5 17 5 17 4 17 
4 18 3 17 4 18 
4 17 4 16 5 16 
10 23 9 23 9 22 
5 18 6 18 6 18 
3 14 2 15 2 14 
4 18 5 18 5 19 
8 15 7 14 8 14 
5 18 6 18 5 19 
5 17 5 16 6 16 
6 18 6 19 5 19 
6 17 5 17 6 16 
6 18 6 18 6 18 
6 18 5 17 6 17 
4 18 5 18 4 18 
6 18 6 18 6 18 
6 19 6 19 5 19 
4 15 5 15 4 16 
6 19 7 20 6 20 
6 18 6 18 7 18 
6 20 7 20 6 21 
6 19 6 18 6 19 
5 19 5 20 4 20 
8 22 7 21 8 21 
5 21 4 20 5 20 
6 19 6 19 7 19 
6 21 5 20 6 20 
7 18 6 19 6 18 
4 21 4 20 5 21 
7 20 7 20 7 20 
6 22 6 21 7 21 
7 21 7 20 7 20 
6 23 6 22 7 23 
7 19 7 20 6 19 
6 23 5 22 6 22 
7 22 7 21 8 22 
6 23 5 23 5 22 
7 23 7 22 8 23 
6 24 5 23 6 23 
7 23 7 23 7 23 
7 23 7 23 7 24 
7 23 7 23 7 23 
7 23 8 23 7 23 
7 22 8 22 8 23 
9 21 8 22 8 22 
8 23 9 22 9 23 
7 11 7 10 8 11 
8 23 8 22 9 22 
7 21 7 21 8 21 
8 20 9 21 8 21 
8 22 7 22 8 22 
8 20 8 21 7 20 
6 18 6 18 6 17 
8 19 8 20 7 19 
8 21 7 21 7 20 
7 18 8 18 7 19 
7 20 7 20 7 19 
7 14 8 15 7 15 
7 19 6 19 7 19 
8 15 8 16 7 16 
7 19 6 19 7 18 
6 18 7 18 7 18 
1 14 2 14 1 15 
6 18 6 17 7 18 
2 12 1 9 2 12 
7 14 7 14 8 14 
8 12 7 12 7 12 
8 14 7 14 8 13 
4 15 4 16 3 15 
7 14 7 14 8 14 
5 14 6 14 5 15 
7 13 8 13 7 14 
4 14 4 15 3 14 
8 12 8 13 7 13 
6 14 7 14 7 14 
6 13 7 14 6 14 
5 6 7 7 6 7 
1 13 2 12 2 13 
7 7 7 8 6 7 
6 10 6 9 7 10 
2 12 1 8 1 9 
6 9 6 8 7 9 
2 12 0 0 1 8 
2 12 1 10 0 0 
7 8 6 8 6 7 
1 11 1 12 0 0 
2 13 2 14 1 13 
6 9 6 9 7 9 
7 6 7 7 5 6 
4 9 3 10 3 9 
9 21 9 20 10 22 
4 8 4 9 3 8 
6 4 6 5 5 4 
6 8 6 7 6 8 
1 11 2 12 1 12 
1 13 1 14 0 0 
6 7 6 8 5 6 
5 6 5 6 6 7 
6 4 5 4 6 3 
5 6 5 5 5 6 
5 4 5 3 6 3 
6 4 5 4 5 4 
1 14 1 15 0 0 
6 4 5 4 5 4 
1 15 3 15 2 16 
1 16 1 17 0 0 
5 3 4 3 6 3 
5 4 4 4 5 4 
4 3 3 3 6 3 
5 4 4 4 5 3 
5 3 4 4 4 3 
3 4 3 4 2 4 
5 13 6 13 5 14 
4 9 3 9 3 8 
3 12 3 13 2 14 
3 11 3 12 2 14 
6 12 5 12 6 11 
6 11 7 11 7 12 
5 9 5 8 6 8 
5 7 6 8 5 8 
4 6 3 8 4 5 
5 5 4 5 5 4 
5 4 4 4 5 4 
4 3 3 5 3 4 
4 3 3 5 3 5 
3 5 3 6 2 6 
2 10 3 7 2 10 
2 7 2 7 3 7 
2 8 2 7 3 7 
2 9 2 8 3 7 
2 9 2 9 3 7 
2 10 2 9 3 7 
2 10 2 14 2 11 
1 8 0 0 1 7 
2 12 2 14 2 13 
2 10 3 7 2 10 
2 7 1 8 1 7 
2 16 3 16 3 16 
3 4 2 4 0 0 
3 4 3 5 2 4 
2 7 2 5 2 7 
2 4 3 5 2 5 
5 8 6 8 6 8 
4 4 4 3 4 3 
3 11 4 11 3 12 
2 14 3 9 3 10 
4 13 4 14 3 13 
4 15 2 15 3 14 
3 17 2 17 3 17 
3 17 3 17 2 18 
1 16 2 16 2 17 
1 16 1 15 2 16 
3 19 2 18 3 18 
2 20 3 20 3 21 
3 19 2 19 2 18 
3 19 3 20 2 19 
2 18 2 21 1 17 
2 19 2 20 2 21 
2 19 3 20 2 20 
3 21 2 22 2 21 
3 23 3 23 2 23 
2 21 2 23 2 25 
2 22 3 23 2 23 
2 21 2 25 1 17 
3 24 3 23 3 23 
2 23 2 24 2 25 
2 23 3 23 2 24 
6 3 3 3 0 0 
4 3 3 4 3 3 
4 3 3 6 3 5 
3 7 2 14 2 10 
4 3 3 7 3 6 
4 3 2 14 3 7 
2 14 3 8 3 9 
2 14 4 3 3 8 
6 12 6 11 7 12 
3 11 2 14 3 10 
4 9 4 10 3 10 
5 12 5 11 6 11 
4 10 4 11 3 11 
4 12 5 12 5 13 
3 12 4 12 3 13 
7 14 6 14 7 14 
2 24 3 25 2 25 
2 24 3 24 3 25 
2 24 3 23 3 24 
4 5 4 4 5 4 
4 5 4 3 4 4 
5 6 4 6 5 5 
3 8 4 3 4 5 
5 5 4 6 4 5 
4 7 3 8 4 6 
5 6 4 7 4 6 
5 6 6 8 5 7 
4 7 4 8 3 8 
5 9 6 9 6 9 
5 8 5 9 4 8 
4 10 3 11 3 10 
5 9 4 10 4 9 
6 9 6 10 5 10 
5 11 4 11 4 10 
6 11 6 10 7 11 
3 13 4 12 4 13 
3 12 4 11 4 12 
3 13 4 14 3 14 
4 13 5 13 5 14 
5 14 4 15 4 14 
5 15 5 16 4 16 
5 17 4 17 5 16 
4 18 4 16 4 17 
4 18 5 19 4 19 
6 19 6 19 5 19 
4 20 5 20 4 20 
5 19 6 19 5 20 
7 21 7 22 6 22 
5 22 4 23 4 21 
5 22 4 21 5 21 
4 23 3 21 4 21 
4 23 5 22 5 23 
6 21 7 21 7 21 
4 23 4 22 3 21 
4 23 3 23 4 22 
3 24 4 24 3 25 
4 23 5 24 4 23 
4 25 3 25 4 24 
6 8 7 8 7 9 
5 4 6 5 5 5 
7 6 6 4 6 3 
6 6 5 6 5 5 
7 6 6 5 6 4 
7 6 5 6 6 6 
4 7 5 7 4 8 
4 7 5 6 5 7 
6 9 5 9 6 8 
4 8 5 7 5 8 
5 10 5 9 6 9 
4 9 4 8 5 9 
4 10 5 10 5 11 
4 10 5 9 5 10 
4 11 5 11 4 12 
5 10 6 10 6 11 
5 13 5 12 6 12 
4 12 5 11 5 12 
6 13 5 13 6 12 
4 13 4 12 5 13 
4 13 5 14 4 14 
6 15 7 15 6 16 
5 14 5 15 4 15 
6 15 6 16 5 15 
5 15 6 16 5 16 
7 15 7 17 6 16 
7 18 6 17 7 17 
5 17 5 17 6 17 
6 18 5 18 6 18 
4 18 4 17 5 18 
5 21 6 21 5 22 
5 21 5 20 6 21 
7 23 6 22 7 22 
5 22 6 21 6 22 
7 24 6 23 7 23 
5 23 6 24 5 24 
5 24 4 23 5 23 
4 24 5 24 4 25 
6 24 6 23 7 24 
4 25 5 24 5 25 
4 24 4 23 5 24 
7 7 7 6 8 11 
6 5 6 6 5 5 
6 5 7 6 6 6 
7 8 7 7 8 11 
6 9 7 9 7 10 
7 9 7 8 8 11 
6 10 7 10 7 11 
7 10 7 9 8 11 
7 11 8 11 7 12 
8 12 7 13 7 12 
8 11 8 12 7 12 
7 12 6 12 7 12 
5 11 5 10 6 11 
7 13 6 12 7 12 
7 13 6 13 6 12 
7 14 6 13 7 13 
7 14 7 14 6 14 
7 15 6 15 7 14 
5 14 6 13 6 14 
6 14 6 15 5 15 
6 14 7 14 6 15 
6 19 6 20 5 20 
7 20 7 20 6 20 
6 24 6 25 5 25 
8 12 8 11 9 19 
8 13 8 12 9 19 
7 16 7 17 7 15 
8 14 8 13 9 19 
8 17 7 17 7 16 
8 15 8 14 9 19 
7 18 7 17 8 17 
8 16 8 15 9 19 
7 18 8 17 8 18 
8 17 8 16 9 19 
7 18 8 18 7 18 
8 15 7 16 7 15 
8 16 8 17 7 16 
8 18 8 17 9 19 
8 18 8 19 7 19 
8 20 7 20 7 19 
8 19 7 19 7 19 
6 24 7 25 6 25 
6 24 7 24 7 25 
7 23 8 23 7 24 
9 21 8 22 8 21 
9 19 8 19 8 18 
9 19 9 20 8 20 
9 22 8 22 9 21 
9 19 8 11 10 22 
9 19 8 20 8 19 
9 20 9 21 8 20 
9 22 9 21 10 22 
9 20 9 19 10 22 
7 24 8 24 7 25 
7 25 8 24 8 25 
7 24 8 23 8 24 
10 24 9 24 10 23 
10 23 9 22 10 22 
9 24 9 23 10 23 
8 25 9 24 9 25 
8 24 9 24 8 25 
9 25 9 24 10 24 
8 24 8 23 9 24 
