3 5 4 5 4 5 
9 10 9 10 9 10 
6 4 5 4 7 4 
0 0 4 4 4 4 
6 5 5 4 6 4 
5 6 5 6 5 5 
6 6 7 9 5 6 
8 9 7 9 8 8 
5 5 5 6 5 5 
6 6 6 6 5 6 
9 10 9 11 9 11 
9 9 9 10 8 9 
4 4 0 0 7 3 
9 24 10 23 10 24 
9 10 9 10 9 10 
9 4 10 4 9 5 
9 11 9 10 9 10 
9 10 7 9 8 9 
3 5 4 5 3 6 
9 23 9 22 10 22 
9 11 9 10 9 10 
7 6 6 6 6 6 
9 21 9 20 10 21 
6 7 5 7 5 7 
4 9 3 8 4 8 
9 24 9 24 9 24 
6 4 5 4 6 4 
7 6 7 9 7 7 
7 3 6 4 7 4 
7 6 6 6 6 5 
5 4 5 4 6 5 
6 4 7 6 6 4 
3 4 3 6 0 0 
6 4 7 6 6 5 
5 4 5 4 5 4 
5 4 7 3 7 4 
4 5 4 5 3 6 
5 4 4 4 5 4 
4 5 4 4 5 5 
4 4 7 3 5 4 
5 5 4 5 5 5 
0 0 7 3 7 3 
4 4 4 5 4 5 
4 13 5 11 5 12 
4 4 4 4 4 5 
4 18 4 18 4 19 
5 5 4 5 4 5 
4 6 5 7 4 7 
4 5 4 6 3 6 
4 5 5 5 4 6 
5 5 4 6 4 6 
4 8 3 8 3 7 
5 5 5 6 4 6 
4 8 5 7 5 7 
5 6 5 7 5 7 
5 7 5 8 4 8 
5 6 6 7 5 7 
5 9 6 9 6 10 
6 7 5 8 5 7 
8 17 8 18 7 18 
5 10 4 9 5 9 
5 8 6 7 6 8 
4 9 4 8 5 8 
5 8 6 8 6 9 
5 11 4 13 4 9 
3 23 4 20 3 22 
4 8 4 7 5 7 
5 10 5 9 6 10 
3 8 4 9 4 13 
8 12 7 10 7 9 
5 11 5 12 5 12 
5 11 5 10 6 11 
3 6 4 6 4 6 
6 11 5 10 6 10 
4 18 3 8 4 13 
6 15 7 15 7 15 
4 13 4 13 4 13 
6 12 5 12 5 12 
3 8 4 13 4 13 
4 13 4 13 5 13 
4 16 4 14 4 15 
4 13 4 13 5 14 
4 13 4 14 4 16 
6 12 6 13 5 13 
4 18 4 16 4 17 
7 18 8 18 8 18 
4 13 4 16 4 18 
5 18 6 18 5 18 
3 8 4 18 4 19 
6 19 5 19 5 19 
4 17 5 17 4 18 
3 23 3 23 3 25 
3 8 4 19 0 0 
7 20 8 20 7 21 
4 18 5 19 4 19 
4 21 4 22 3 22 
8 23 6 23 7 22 
4 20 4 21 3 22 
9 24 9 24 9 25 
4 19 3 23 0 0 
6 24 5 24 6 23 
3 22 3 23 3 23 
5 24 4 24 4 23 
3 23 3 23 3 23 
3 22 4 23 3 23 
3 22 4 22 4 23 
3 22 4 23 4 23 
4 22 4 21 4 22 
3 22 4 23 4 23 
6 20 6 21 5 20 
4 22 4 22 4 23 
4 21 4 19 5 20 
4 21 5 21 4 22 
6 20 5 20 5 19 
4 21 5 20 5 21 
4 18 4 18 5 18 
4 19 5 20 5 20 
5 17 4 16 5 16 
4 19 5 19 5 20 
4 16 4 15 5 15 
4 19 5 19 5 19 
6 17 6 17 7 18 
4 18 5 18 5 19 
5 15 4 14 5 14 
4 18 5 18 5 18 
7 17 7 18 6 17 
4 18 5 17 5 18 
8 17 7 18 7 17 
5 18 5 17 5 18 
7 16 6 16 6 16 
5 17 6 17 6 17 
7 15 7 16 6 15 
5 17 5 16 6 17 
9 16 8 14 9 10 
5 16 6 16 6 16 
6 11 5 12 5 11 
6 15 7 15 6 15 
6 16 5 16 5 15 
6 15 7 15 6 15 
5 15 4 15 4 14 
7 15 6 15 7 14 
6 15 5 15 6 15 
8 12 7 14 7 13 
6 13 5 14 4 13 
7 17 8 17 8 17 
6 15 7 16 6 16 
7 17 6 17 6 16 
7 15 7 14 7 15 
8 16 7 16 7 15 
7 15 7 14 8 16 
8 16 8 17 7 16 
7 18 8 18 8 18 
8 16 8 17 8 17 
7 19 7 18 8 18 
7 20 7 19 8 20 
6 18 5 18 6 17 
8 20 8 19 8 16 
8 18 8 17 8 16 
8 19 8 18 8 18 
8 21 7 21 8 20 
8 19 8 20 8 18 
6 19 6 20 5 19 
5 20 6 21 5 21 
7 22 7 21 8 21 
8 21 8 20 9 24 
8 20 8 20 8 20 
9 22 8 21 9 24 
6 22 5 23 5 22 
9 23 9 22 9 24 
5 22 4 22 5 21 
9 24 9 23 9 24 
6 22 5 22 6 21 
9 24 9 24 9 23 
4 24 4 25 3 24 
9 24 9 24 9 24 
6 23 5 23 6 22 
5 24 4 23 5 23 
9 24 9 24 10 24 
9 24 9 24 9 24 
9 24 9 24 9 24 
9 24 9 24 9 24 
9 24 10 24 9 25 
9 22 9 22 9 24 
9 18 9 18 9 17 
9 24 9 24 9 24 
8 12 7 9 9 24 
9 24 10 23 9 24 
10 8 10 7 11 7 
9 24 10 23 10 23 
10 11 10 10 11 11 
9 24 9 23 10 23 
9 24 9 22 9 23 
8 15 9 21 9 22 
8 10 7 9 9 10 
9 24 9 22 9 24 
9 15 10 15 10 16 
8 15 8 14 9 16 
9 22 9 22 9 21 
8 15 9 21 9 21 
9 21 9 21 9 21 
10 21 9 20 10 20 
10 18 9 19 9 18 
9 21 9 21 9 22 
9 12 9 11 9 11 
9 21 9 20 9 20 
9 16 10 17 9 17 
9 21 9 18 9 20 
9 15 10 16 9 16 
9 20 9 18 9 19 
9 21 9 17 9 18 
10 15 9 14 10 14 
10 18 9 18 9 18 
9 16 9 17 8 15 
9 17 9 21 9 17 
9 16 9 17 9 16 
9 21 9 21 9 17 
9 16 9 16 8 15 
9 17 9 17 9 16 
9 15 9 15 9 16 
9 15 10 15 9 15 
9 11 9 16 9 10 
9 11 9 15 9 16 
9 14 9 15 9 11 
9 14 9 14 10 14 
9 12 9 14 9 11 
9 15 9 14 10 15 
10 14 9 14 9 13 
9 11 9 10 10 11 
11 13 9 13 10 13 
9 14 9 14 9 12 
9 16 10 16 10 17 
9 13 9 12 10 13 
10 10 10 9 11 10 
10 13 9 12 10 12 
10 12 10 11 11 12 
10 12 9 12 10 12 
11 8 10 8 11 7 
10 12 9 11 10 11 
10 7 10 6 11 7 
9 9 9 10 9 10 
9 7 9 6 10 6 
9 8 9 9 8 9 
9 6 9 5 10 6 
8 8 7 9 8 7 
10 8 9 8 10 7 
8 6 8 7 7 5 
10 7 9 8 9 7 
7 5 7 3 8 4 
8 4 9 3 9 4 
9 5 10 4 10 5 
9 3 10 4 9 4 
8 5 7 5 8 4 
9 3 8 4 8 4 
8 4 7 3 8 4 
9 3 8 4 8 3 
8 4 8 4 8 4 
9 3 8 3 7 3 
8 4 7 3 8 3 
9 3 7 3 0 0 
8 3 7 3 7 3 
3 4 0 0 4 4 
4 5 3 4 4 4 
3 4 3 5 3 6 
6 6 5 4 6 5 
6 6 5 4 5 4 
6 6 4 4 5 4 
4 4 6 6 5 5 
5 5 6 6 5 6 
3 4 4 5 3 5 
3 6 3 7 0 0 
3 6 4 6 3 7 
3 7 3 8 0 0 
4 7 5 7 5 7 
3 23 3 25 0 0 
3 23 3 23 3 24 
3 23 3 24 3 25 
3 23 4 23 3 24 
5 8 4 8 5 8 
5 8 5 9 4 9 
3 7 4 7 4 8 
3 7 4 6 4 7 
5 10 4 9 5 10 
5 10 5 11 4 9 
6 15 5 15 6 15 
6 15 6 16 5 15 
6 17 5 16 6 16 
4 16 5 15 5 16 
5 18 5 17 6 17 
4 17 4 16 5 17 
4 19 4 20 3 23 
4 19 4 21 4 20 
6 23 5 24 5 23 
4 23 4 22 5 22 
4 23 5 23 4 23 
4 23 5 22 5 23 
8 24 8 25 6 24 
4 24 3 24 4 23 
3 24 4 25 3 25 
4 23 4 24 4 23 
5 24 4 25 4 24 
4 6 5 6 5 7 
5 6 7 9 7 8 
6 13 4 13 5 13 
4 13 5 12 5 13 
5 15 5 14 6 14 
4 14 4 13 5 14 
5 18 6 19 5 19 
7 20 8 20 8 20 
5 20 6 20 5 20 
6 19 7 19 6 20 
5 21 6 21 5 22 
6 20 7 20 6 21 
7 21 6 22 6 21 
7 22 9 22 8 23 
7 22 6 23 6 22 
8 23 9 24 9 24 
9 24 9 25 8 24 
5 25 5 24 6 24 
5 24 5 25 4 25 
7 6 7 7 6 6 
7 9 6 6 7 7 
5 6 6 7 5 6 
6 8 5 8 5 8 
7 8 6 8 6 7 
6 9 5 9 5 8 
7 8 7 9 6 8 
7 9 6 10 6 9 
7 10 6 10 7 9 
5 10 5 10 6 10 
7 10 6 11 6 10 
6 12 5 12 6 11 
6 14 5 14 6 13 
5 13 5 12 6 12 
6 15 6 14 7 14 
7 11 6 11 7 10 
7 13 6 14 6 13 
6 15 5 15 6 14 
5 18 6 18 6 19 
6 18 6 17 7 18 
6 19 6 18 7 18 
5 18 5 18 6 18 
7 18 7 19 6 19 
8 18 8 20 7 19 
8 20 7 20 8 20 
6 20 7 19 7 20 
9 6 8 6 8 5 
8 7 7 3 7 5 
7 3 7 6 6 4 
7 3 7 9 7 6 
5 6 7 8 6 7 
7 9 7 9 7 8 
6 8 7 9 6 9 
7 9 7 10 7 9 
8 12 7 12 7 11 
7 11 7 12 6 11 
8 12 7 11 7 10 
7 12 6 12 6 11 
7 13 7 12 8 12 
6 13 6 12 7 12 
8 15 8 13 8 14 
9 24 7 9 8 13 
6 14 7 13 7 14 
6 13 7 12 7 13 
8 20 8 16 9 24 
8 18 8 18 8 16 
7 16 7 17 6 16 
7 16 8 17 7 17 
7 20 7 21 6 21 
8 22 9 22 7 22 
9 23 8 23 9 22 
6 22 7 21 7 22 
9 5 10 5 10 6 
8 5 8 6 7 5 
8 7 7 9 7 3 
9 6 8 7 8 6 
9 6 9 7 8 7 
9 7 8 8 8 7 
9 8 10 8 9 9 
9 8 8 9 8 8 
9 10 9 10 8 9 
8 13 8 11 9 10 
8 11 7 9 8 10 
9 10 8 11 8 10 
8 13 7 9 8 11 
8 16 8 12 9 24 
8 16 7 14 8 12 
9 10 8 14 8 13 
9 17 9 21 8 15 
9 24 8 15 9 22 
9 24 8 13 8 15 
8 16 8 19 8 18 
8 20 8 20 8 19 
8 21 8 22 7 22 
8 21 9 22 8 22 
6 23 8 23 8 24 
9 23 9 24 8 23 
6 24 8 25 5 25 
9 24 9 24 10 24 
6 23 8 24 6 24 
8 23 9 24 8 24 
9 7 10 6 10 7 
8 4 9 4 8 5 
8 4 8 4 9 4 
11 7 10 5 10 4 
10 8 10 8 11 8 
8 5 9 5 9 6 
8 5 9 4 9 5 
11 7 10 6 10 5 
10 17 9 18 9 17 
9 7 9 8 8 8 
10 8 10 8 9 8 
10 11 9 9 10 8 
10 11 9 10 9 9 
10 12 9 12 9 11 
9 13 9 14 9 12 
10 9 11 8 11 9 
10 18 9 18 10 17 
10 9 10 8 11 8 
10 19 9 19 10 18 
10 11 11 11 11 12 
9 20 9 19 10 19 
10 12 10 12 11 12 
9 20 10 19 10 20 
10 13 11 12 11 13 
9 20 10 20 9 20 
10 14 9 13 11 13 
9 21 10 21 10 22 
11 14 10 14 11 13 
9 21 10 22 9 22 
11 14 10 15 10 14 
10 22 10 23 9 23 
11 14 11 15 10 15 
11 23 10 23 10 22 
10 23 10 23 10 24 
8 25 8 24 9 25 
10 12 11 12 10 13 
11 15 10 16 10 15 
10 17 10 16 11 15 
11 10 10 9 11 9 
10 11 10 8 10 9 
10 17 11 15 10 18 
11 11 10 10 11 10 
10 11 10 9 10 10 
11 15 10 19 10 18 
11 23 10 19 11 15 
10 20 10 19 11 23 
10 20 11 23 10 21 
11 23 10 22 10 21 
10 24 10 23 11 23 
