6 6 9 10 5 5 
0 0 4 4 4 4 
6 6 6 6 7 7 
4 4 0 0 5 4 
7 5 6 6 6 5 
8 5 9 9 7 3 
9 10 9 10 10 11 
9 10 9 10 9 10 
10 10 10 11 9 10 
9 10 9 10 10 10 
9 13 10 13 10 14 
8 9 6 7 5 5 
9 10 9 10 9 10 
9 10 9 10 9 10 
6 4 5 4 7 4 
8 12 9 12 9 13 
8 6 7 4 7 3 
7 6 8 6 8 7 
5 4 6 4 6 4 
5 4 7 3 7 4 
5 7 4 8 4 7 
6 5 6 6 5 4 
5 14 5 16 4 9 
0 0 4 5 4 7 
6 7 5 7 5 7 
5 14 4 9 5 13 
4 4 4 4 4 4 
4 4 4 4 4 5 
0 0 4 4 4 5 
4 4 4 4 4 5 
4 23 4 23 5 23 
4 4 4 4 4 5 
5 12 5 13 4 9 
4 5 5 5 4 5 
4 5 4 6 4 6 
4 5 5 5 4 6 
5 8 6 8 4 8 
4 6 5 5 4 6 
5 9 6 9 4 9 
4 6 5 5 5 6 
5 8 4 8 5 7 
5 6 5 5 5 7 
4 7 5 7 5 7 
5 7 5 5 6 7 
6 9 6 10 5 10 
5 8 6 7 6 8 
5 10 5 11 4 9 
5 8 5 7 6 7 
5 7 4 7 5 6 
6 8 6 7 7 8 
4 7 4 6 5 6 
6 9 7 8 7 9 
5 12 4 9 5 11 
8 11 7 10 8 10 
5 13 4 9 5 13 
5 11 6 11 6 12 
4 8 0 0 4 7 
9 14 10 14 10 15 
4 7 4 5 4 6 
8 15 7 15 8 15 
5 17 5 18 5 16 
6 12 6 13 5 12 
5 16 5 14 5 15 
7 15 8 15 8 16 
5 9 4 8 6 8 
11 14 11 15 10 14 
4 23 5 22 5 23 
7 19 6 19 6 19 
5 21 5 22 4 23 
5 18 5 18 6 19 
5 19 4 23 0 0 
5 21 5 18 6 20 
5 22 5 23 5 22 
5 22 5 21 5 21 
4 23 4 23 5 23 
5 19 0 0 5 18 
5 23 4 24 4 23 
4 7 4 5 4 5 
5 24 5 25 4 24 
4 23 4 23 4 23 
6 23 5 24 5 23 
4 23 5 23 5 23 
5 22 6 22 6 23 
5 23 5 23 5 23 
5 21 6 21 6 22 
5 23 5 23 5 23 
5 23 5 22 5 23 
7 19 6 19 6 18 
5 22 5 21 5 22 
7 20 6 19 7 19 
5 21 6 20 5 21 
8 18 7 18 8 18 
5 21 6 20 6 20 
6 14 6 15 5 14 
5 18 6 19 6 20 
6 17 8 17 7 18 
5 18 6 19 6 19 
7 16 7 16 8 16 
5 18 6 18 6 19 
8 16 8 15 8 17 
5 18 6 18 6 18 
5 18 5 15 6 16 
6 18 6 17 6 18 
6 18 5 18 6 17 
5 18 6 16 6 17 
8 15 8 15 8 15 
6 16 7 16 6 17 
5 14 5 13 6 14 
6 16 7 16 7 16 
6 15 5 15 5 14 
6 16 6 15 7 15 
6 12 5 12 5 11 
7 18 8 17 8 18 
7 17 7 16 8 16 
7 18 6 17 6 17 
9 15 9 14 10 15 
7 19 8 18 8 20 
10 16 9 17 9 16 
6 20 6 20 7 20 
7 20 6 20 6 19 
6 20 7 20 7 21 
8 17 8 15 9 16 
8 22 9 22 9 23 
10 21 9 22 9 21 
8 23 9 23 9 23 
9 18 8 18 8 17 
6 23 7 22 7 23 
9 18 8 18 8 18 
8 23 9 23 9 23 
9 18 9 19 8 18 
9 23 8 23 7 23 
8 21 9 21 8 20 
6 23 5 23 5 23 
9 23 9 22 9 22 
9 25 9 24 10 24 
9 23 9 23 9 23 
7 24 6 24 7 23 
9 23 9 23 9 23 
8 24 7 24 7 23 
9 23 9 23 9 24 
10 24 9 24 10 23 
9 24 9 23 9 23 
9 25 9 24 9 24 
9 24 9 24 9 23 
11 12 10 12 10 12 
10 23 9 24 10 23 
9 24 9 23 10 23 
9 22 9 21 9 22 
9 23 9 22 10 22 
9 23 9 23 9 22 
9 21 9 22 9 21 
9 22 9 22 9 22 
9 20 9 21 9 21 
10 22 9 22 9 22 
10 20 9 20 8 20 
11 20 11 21 10 21 
9 19 10 20 8 20 
10 19 11 19 10 20 
10 16 11 15 11 16 
10 19 11 18 11 19 
10 20 9 19 10 19 
10 18 9 18 11 18 
9 19 9 18 10 19 
11 15 10 15 10 14 
8 18 9 18 9 18 
8 15 8 15 9 15 
8 18 9 18 9 18 
10 15 10 15 11 15 
8 17 9 17 9 18 
9 14 9 15 8 14 
8 17 9 16 9 17 
7 14 8 13 8 14 
11 13 11 14 10 13 
9 16 8 15 9 15 
11 14 10 14 10 13 
9 16 9 16 9 15 
10 14 11 14 10 14 
9 15 8 15 8 14 
10 16 11 16 11 17 
10 15 11 15 10 16 
10 13 10 12 11 13 
6 12 7 11 7 12 
10 17 11 17 9 18 
8 11 7 11 7 10 
11 10 10 10 10 10 
9 14 10 14 10 14 
10 22 10 23 9 23 
9 13 8 13 8 12 
10 11 10 12 10 11 
11 11 11 10 12 11 
10 10 10 11 10 11 
10 22 11 23 10 23 
10 10 10 10 9 10 
10 9 10 8 11 9 
9 9 10 10 9 10 
10 8 10 8 11 8 
9 9 10 8 10 10 
10 8 11 7 11 8 
9 8 10 8 10 8 
10 4 10 3 11 7 
9 8 10 7 10 8 
10 5 10 6 9 6 
9 6 9 5 10 5 
10 3 9 4 9 3 
9 5 9 4 10 5 
10 7 10 7 9 8 
9 5 9 6 8 5 
9 7 9 8 9 6 
8 4 9 5 7 3 
9 4 8 4 9 3 
8 3 8 4 7 3 
8 4 9 3 8 4 
8 3 8 4 8 4 
9 4 10 3 10 4 
8 3 8 3 7 3 
8 3 10 3 9 3 
5 4 0 0 7 3 
0 0 10 3 8 3 
8 3 7 3 0 0 
4 5 4 4 5 5 
4 4 4 4 4 4 
6 5 5 4 6 4 
6 6 4 4 5 4 
4 4 6 6 5 5 
5 5 6 6 6 6 
0 0 4 9 5 18 
0 0 4 8 4 9 
4 24 4 23 4 23 
0 0 4 24 4 25 
0 0 4 23 4 24 
6 9 5 10 4 9 
6 10 5 11 5 10 
4 8 5 9 4 9 
6 8 6 9 5 9 
7 15 6 15 7 14 
5 13 5 13 6 14 
7 14 6 15 6 14 
7 15 7 16 6 16 
6 17 6 16 6 17 
5 15 6 15 6 16 
5 18 5 17 5 15 
5 18 4 9 5 16 
5 15 5 17 5 16 
5 18 5 18 5 17 
5 21 5 20 5 18 
5 20 4 23 5 19 
5 18 5 20 5 19 
5 21 4 23 5 20 
9 23 9 24 9 25 
5 24 4 24 5 23 
4 25 4 24 5 25 
5 23 5 24 5 23 
6 24 5 25 5 24 
6 4 7 5 6 4 
6 4 7 4 7 5 
7 6 7 7 6 6 
8 8 6 6 7 7 
9 10 8 9 5 5 
9 11 9 10 10 11 
6 10 6 11 5 11 
6 10 7 9 7 10 
7 10 7 11 6 11 
6 13 5 13 5 12 
7 12 7 13 6 12 
6 14 5 13 6 13 
6 18 7 18 7 19 
6 18 6 17 7 18 
8 18 7 19 7 18 
8 20 9 21 7 20 
8 20 7 20 7 19 
9 21 9 22 8 22 
6 21 7 21 7 22 
7 20 9 21 7 21 
6 20 6 21 5 21 
6 20 7 21 6 21 
6 23 6 22 7 22 
7 21 9 21 8 22 
5 21 6 22 5 22 
6 21 7 22 6 22 
6 23 7 23 6 24 
7 22 8 22 7 23 
5 24 6 23 6 24 
5 23 5 22 6 23 
9 23 9 25 8 24 
6 25 6 24 7 24 
5 25 6 24 6 25 
6 6 7 5 7 6 
6 5 6 4 7 5 
7 4 8 6 7 5 
8 7 9 10 8 8 
8 9 7 8 6 7 
6 9 6 8 7 8 
7 10 7 9 8 9 
6 10 6 9 7 9 
9 10 8 11 8 10 
6 11 6 10 7 10 
9 13 10 12 10 13 
6 12 6 11 7 11 
7 14 6 14 7 13 
7 13 6 13 6 12 
8 15 7 14 8 14 
7 12 8 11 8 12 
6 13 7 13 6 14 
7 12 8 12 7 13 
8 13 7 14 7 13 
8 15 7 15 7 14 
6 17 7 17 8 17 
6 17 7 16 7 17 
6 25 7 24 7 25 
9 5 8 5 7 3 
9 6 9 8 9 9 
7 5 8 6 7 6 
7 3 9 10 8 6 
7 6 8 7 7 7 
8 6 9 10 8 7 
8 7 8 8 7 7 
9 10 6 6 8 8 
9 10 8 9 9 10 
7 9 7 8 8 9 
8 9 8 10 7 10 
8 9 9 10 8 10 
9 11 8 11 9 10 
7 12 7 11 8 11 
9 12 8 12 8 11 
8 13 7 13 8 12 
8 15 8 14 8 15 
8 13 9 13 9 14 
7 17 8 16 8 17 
7 16 7 15 8 16 
10 19 9 19 10 19 
8 19 8 18 9 19 
8 20 8 19 9 19 
8 20 8 18 8 19 
7 23 8 22 9 23 
7 22 7 21 8 22 
9 20 8 21 8 20 
9 20 9 21 8 21 
7 23 8 23 8 24 
9 23 9 23 8 23 
7 25 7 24 8 25 
9 23 8 24 8 23 
8 25 7 24 8 24 
10 8 10 7 11 7 
8 3 9 3 8 4 
8 3 8 3 9 3 
10 5 10 4 11 7 
9 6 10 6 9 7 
10 5 9 4 10 4 
9 5 8 4 9 4 
10 6 10 5 11 7 
10 6 10 7 9 7 
10 7 10 7 11 7 
11 7 10 7 10 6 
9 9 9 8 10 8 
9 7 10 7 9 8 
7 3 9 9 9 10 
8 5 9 6 9 9 
10 12 9 12 10 11 
9 12 8 11 9 11 
10 11 9 12 9 11 
10 12 10 12 9 13 
10 12 9 13 9 12 
10 13 10 13 9 13 
8 13 9 14 8 14 
9 13 10 14 9 14 
10 15 9 15 10 15 
10 15 9 16 9 15 
11 10 10 10 11 9 
10 24 10 23 10 23 
11 10 10 11 10 10 
9 25 8 25 8 24 
11 9 10 8 11 8 
11 11 10 12 10 11 
10 13 10 13 11 13 
11 7 12 11 11 8 
10 17 10 16 11 17 
10 10 10 9 11 9 
10 10 10 8 10 9 
11 8 12 11 11 9 
9 18 11 17 11 18 
11 9 12 11 11 10 
9 18 11 18 9 18 
11 12 11 11 12 11 
10 18 10 19 9 18 
11 13 10 12 11 12 
11 19 10 19 10 19 
11 14 11 13 12 12 
11 20 10 20 11 19 
9 16 10 16 9 16 
9 16 10 15 10 16 
11 15 11 14 12 12 
9 20 10 20 11 20 
9 17 10 17 9 18 
9 17 10 16 10 17 
11 16 11 15 12 12 
10 21 9 20 11 20 
10 19 10 18 11 18 
9 18 9 18 10 18 
11 17 11 16 12 12 
9 22 10 21 10 22 
11 18 11 17 12 12 
11 21 11 23 10 22 
11 19 11 18 12 12 
11 23 10 24 10 23 
10 22 10 21 11 21 
9 21 9 20 10 21 
11 20 12 12 11 21 
11 20 11 19 12 12 
12 12 11 23 11 21 
11 10 11 11 10 11 
12 11 12 12 11 12 
11 13 11 12 12 12 
10 12 11 11 11 12 
