7 22 7 21 8 21 
6 9 7 10 6 10 
6 10 5 11 5 11 
0 0 3 4 3 4 
7 10 7 10 6 10 
5 11 6 10 5 11 
3 12 3 12 3 12 
6 10 6 10 5 11 
3 10 3 11 2 11 
5 10 6 10 5 11 
5 12 5 11 6 12 
5 10 5 9 6 10 
6 10 6 10 6 10 
7 10 6 9 7 9 
3 3 3 4 0 0 
5 6 6 5 6 6 
3 9 4 9 4 10 
2 8 2 11 0 0 
3 4 3 4 0 0 
2 8 2 10 2 11 
3 4 3 5 2 5 
3 4 3 5 3 4 
2 6 3 5 2 7 
3 4 3 5 3 4 
2 6 2 7 2 7 
3 14 3 15 2 14 
2 8 2 8 0 0 
2 5 3 5 2 6 
2 10 2 9 3 10 
2 5 2 6 0 0 
3 4 2 5 0 0 
2 7 2 8 0 0 
2 7 2 7 3 7 
2 7 3 7 2 8 
2 10 3 10 3 10 
3 5 3 5 2 5 
2 11 3 11 3 12 
3 8 3 9 2 9 
5 12 5 11 5 11 
3 9 3 10 3 10 
3 12 3 12 2 12 
4 10 4 11 3 10 
5 15 6 15 5 16 
2 10 3 10 2 11 
5 12 5 11 5 11 
3 11 3 12 3 12 
2 17 3 17 3 18 
3 12 3 12 3 12 
6 12 5 12 6 12 
3 12 4 11 4 12 
2 13 3 14 2 14 
3 12 3 13 2 13 
4 12 3 12 3 12 
3 13 3 14 2 13 
4 13 3 12 4 12 
3 13 4 13 4 14 
4 17 3 18 3 17 
3 15 3 16 2 15 
5 16 6 17 5 17 
2 17 3 17 3 17 
5 18 5 17 6 18 
3 16 3 17 2 16 
4 15 3 16 3 15 
3 19 2 18 3 18 
4 17 3 17 4 16 
2 19 2 18 3 19 
5 21 5 21 5 20 
3 18 4 17 4 18 
2 20 3 20 3 20 
3 18 4 18 3 19 
3 21 3 20 4 20 
5 21 6 21 5 21 
3 22 4 21 4 22 
3 19 4 19 3 20 
4 20 4 21 4 21 
3 20 4 19 3 20 
4 23 4 23 3 23 
6 21 5 21 5 20 
4 24 5 23 5 24 
4 20 4 21 3 21 
7 22 6 22 6 21 
4 23 4 22 4 23 
4 21 4 21 4 22 
3 22 3 21 4 21 
3 19 3 19 4 19 
3 19 3 20 2 19 
4 23 4 23 4 23 
4 23 4 22 5 23 
4 23 4 23 4 23 
5 24 6 24 6 24 
4 23 4 24 4 23 
4 23 4 23 5 23 
4 23 5 23 4 24 
6 24 6 24 6 24 
5 25 5 24 6 24 
5 23 4 22 5 22 
5 23 6 22 6 23 
6 24 6 24 7 25 
6 24 5 23 6 23 
6 24 7 24 7 25 
6 24 6 23 6 24 
6 24 6 23 6 24 
8 22 7 22 8 21 
6 24 6 23 7 24 
6 18 6 19 5 19 
7 23 7 23 7 24 
7 13 8 12 8 13 
7 23 7 23 7 23 
6 23 6 24 6 24 
7 23 6 23 7 23 
5 21 4 21 4 20 
6 23 6 22 6 22 
4 22 4 21 5 21 
3 20 4 19 4 20 
6 22 5 23 5 22 
5 21 5 21 4 21 
5 22 4 22 5 21 
3 16 4 16 3 17 
6 21 6 22 6 22 
5 19 5 20 4 19 
5 21 4 21 5 21 
6 18 5 17 6 17 
5 21 4 20 4 19 
5 17 5 17 6 17 
4 19 3 19 4 19 
4 18 5 18 4 19 
6 11 5 11 6 10 
4 18 4 17 5 18 
6 17 5 16 6 16 
4 17 5 17 5 17 
4 14 3 15 3 14 
5 16 6 16 5 16 
4 16 3 16 4 15 
4 16 5 16 5 16 
5 16 4 16 4 15 
5 15 5 15 4 15 
5 15 6 15 5 15 
4 14 5 15 4 15 
5 14 6 13 6 14 
6 13 7 12 7 13 
7 11 7 10 8 11 
4 14 5 13 5 14 
5 14 5 15 4 14 
6 10 7 11 6 10 
6 11 7 11 7 12 
6 11 6 12 5 11 
5 12 5 13 4 13 
6 12 6 11 7 12 
6 10 7 11 6 11 
6 12 6 12 7 12 
6 10 7 10 7 11 
8 11 7 10 7 10 
7 10 7 9 7 9 
8 11 7 10 8 10 
7 10 7 10 7 10 
7 16 6 16 6 15 
7 10 7 10 8 10 
7 10 8 9 8 10 
8 8 8 9 7 9 
7 10 8 9 8 9 
8 8 7 9 7 8 
7 10 8 9 8 9 
6 6 7 7 6 7 
7 10 7 9 8 9 
5 4 6 4 5 5 
7 9 7 8 7 9 
7 6 6 4 8 7 
2 8 2 9 2 10 
5 5 6 5 5 6 
7 8 6 7 6 7 
5 6 3 4 5 5 
0 0 2 6 2 7 
6 8 6 7 6 9 
6 7 5 6 6 7 
3 7 4 8 3 8 
6 5 5 6 5 6 
5 6 3 4 5 6 
5 5 6 4 6 5 
5 6 5 6 5 6 
5 3 6 4 5 4 
4 4 3 4 4 3 
5 6 5 6 6 6 
5 5 3 4 5 4 
5 4 4 4 5 3 
5 4 3 4 4 4 
3 4 3 4 4 4 
4 4 3 4 4 4 
3 3 3 4 3 4 
4 3 0 0 5 3 
3 3 3 4 3 4 
6 7 6 7 6 7 
5 10 6 10 6 10 
7 9 6 7 7 8 
6 7 7 9 6 9 
6 7 5 6 5 6 
5 6 3 4 4 5 
4 5 3 4 3 4 
6 7 3 4 5 6 
3 4 4 5 3 4 
3 4 3 5 3 5 
3 6 4 6 3 7 
4 7 6 7 5 8 
2 11 2 12 0 0 
2 11 3 12 2 12 
2 12 2 13 0 0 
2 12 3 12 2 13 
2 13 2 14 0 0 
3 19 3 19 2 19 
2 14 2 15 0 0 
2 14 3 15 2 15 
2 15 2 16 0 0 
2 15 3 16 2 16 
2 16 2 17 0 0 
2 16 3 17 2 17 
2 17 2 19 0 0 
2 18 3 18 3 18 
2 17 2 18 2 19 
2 17 3 18 2 18 
2 19 2 20 0 0 
2 19 3 20 2 20 
3 4 3 3 0 0 
3 4 3 4 3 3 
3 5 3 6 2 7 
3 5 4 6 3 6 
2 8 3 7 3 8 
2 7 3 6 3 7 
5 8 4 8 4 7 
3 7 4 6 4 7 
2 8 3 8 2 9 
2 8 2 8 3 8 
2 9 3 9 3 10 
3 8 4 8 3 9 
3 14 3 13 4 14 
5 15 5 16 4 15 
5 17 4 16 5 16 
5 17 4 17 4 16 
5 18 4 17 5 17 
3 17 3 17 4 17 
3 19 4 18 4 19 
3 18 3 18 4 18 
4 23 3 23 4 22 
2 20 3 20 3 21 
3 21 3 22 2 20 
4 23 4 24 3 24 
3 22 3 23 2 20 
3 22 4 22 3 23 
3 23 3 24 2 20 
3 24 4 24 4 25 
2 20 3 24 3 25 
3 23 4 23 3 24 
5 6 6 6 6 7 
4 4 4 4 4 3 
4 4 4 3 5 3 
3 4 0 0 4 3 
5 6 4 5 3 4 
5 6 5 6 4 5 
3 4 4 6 3 5 
5 7 6 7 4 7 
3 7 4 7 4 8 
4 6 5 7 4 7 
5 10 4 9 5 9 
3 9 4 8 4 9 
4 11 4 10 5 11 
3 10 3 9 4 10 
3 11 4 11 3 12 
3 11 3 10 4 11 
3 12 4 12 3 12 
4 11 5 11 5 12 
3 12 4 13 3 13 
4 12 5 12 4 13 
3 15 4 14 4 15 
4 13 5 13 4 14 
3 24 4 25 3 25 
7 7 7 8 6 7 
7 6 6 5 6 4 
6 6 6 7 6 7 
7 6 6 6 6 5 
7 6 7 7 6 6 
3 4 5 7 4 6 
3 4 6 7 5 7 
5 9 5 8 6 8 
5 9 4 8 5 8 
6 10 5 9 6 9 
4 9 4 8 5 9 
4 10 5 10 5 11 
4 10 4 9 5 10 
4 11 5 12 4 12 
6 12 5 13 5 12 
5 13 6 13 5 14 
6 13 5 13 6 12 
7 16 6 17 6 16 
6 18 5 19 5 18 
7 23 6 22 7 22 
5 19 4 19 4 19 
5 20 5 19 6 19 
6 18 7 16 7 19 
5 18 5 19 4 19 
6 19 6 20 5 20 
5 22 5 21 6 21 
6 19 7 19 6 20 
6 21 5 20 6 20 
5 21 4 19 5 20 
5 22 6 21 6 22 
6 20 7 19 7 20 
5 24 5 25 4 25 
7 24 8 23 8 24 
4 24 5 24 4 25 
5 23 6 24 5 24 
8 8 7 8 7 7 
8 7 7 7 7 6 
8 7 8 8 7 7 
5 9 6 8 6 9 
5 8 6 7 6 8 
8 9 9 9 9 10 
6 15 6 16 5 16 
6 18 6 17 7 16 
7 12 7 11 8 11 
7 12 6 13 6 12 
7 13 6 14 6 13 
5 14 6 14 6 15 
7 13 8 13 8 14 
5 14 6 15 5 15 
6 14 7 14 7 15 
6 19 6 18 7 19 
8 12 7 12 8 11 
6 21 6 20 7 20 
8 12 7 13 7 12 
6 21 7 20 7 21 
8 9 9 9 8 9 
7 23 7 22 7 23 
7 23 6 23 6 22 
7 23 7 24 6 23 
7 14 7 13 8 14 
8 8 9 9 8 9 
7 15 8 14 8 15 
7 15 8 15 7 16 
9 10 8 10 8 9 
8 15 7 19 7 16 
9 10 8 11 8 10 
8 20 7 19 8 15 
9 10 9 11 8 11 
7 15 7 14 8 14 
6 14 7 13 7 14 
7 20 7 19 8 20 
8 11 9 11 8 12 
6 15 7 15 7 16 
6 15 6 14 7 15 
7 21 8 20 8 21 
8 12 9 11 9 13 
6 21 7 21 7 22 
7 20 8 20 7 21 
7 23 7 22 8 22 
8 13 8 12 9 13 
7 23 8 22 8 23 
8 14 8 13 9 13 
7 23 8 23 7 24 
8 15 8 14 9 13 
7 24 8 24 7 25 
9 21 8 15 9 13 
6 24 7 25 5 25 
8 24 9 24 8 25 
8 9 8 9 9 9 
8 7 6 4 9 8 
9 8 8 8 8 7 
9 8 9 9 8 8 
8 20 8 15 9 21 
9 8 6 4 10 9 
8 20 9 21 8 21 
9 9 9 8 10 9 
9 21 8 22 8 21 
9 10 9 9 10 9 
9 22 8 22 9 21 
9 11 9 10 10 9 
8 23 8 22 9 22 
9 13 9 11 10 9 
8 23 9 22 9 23 
9 21 9 13 10 9 
8 23 9 23 8 24 
9 22 9 21 10 9 
9 23 9 24 8 24 
8 24 8 25 7 25 
9 23 10 9 9 24 
9 23 9 22 10 9 
